center_x=14.260869565217387
center_y=6.134782608695653
center_z=10.660869565217393
radius=12.368421052631579
