center_x=16.260869565217387
center_y=8.134782608695653
center_z=9.660869565217393
radius=9.9
